268940
252431
269650
260541
267684
256619
264964
260841
258577
264489
254852
266777
264736
240914
267003
256708
263541
258859
263498
266069
258120
265450
257579
266147
263793
243661
268687
257738
269186
259383
268398
267643
261028
269745
260918
266535
269604
245237
269706
263269
267575
260014
267717
269053
263530
271890
263111
260293
274902
257357
268829
265872
277616
265570
275432
273091
269798
276075
269357
275797
270926
252695
281943
271299
283093
270653
277410
272881
268610
278068
267059
279916
283248
256855
279413
265917
273964
258700
268448
259580
249843
260984
252374
258926
262888
234880
262398
254945
258426
248356
255782
254508
246163
259272
251915
257844
255743
242848
259587
248629
255089
245102
249229
250459
236847
248704
240700
246189
246056
218076
234822
233147
242303
228731
230766
233878
226436
231036
226082
227439
233931
209923
230434
222215
227179
213175
222371
225886
216715
233799
221598
227463
232498
213836
233926
225256
229670
219610
227756
226801
221029
230557
219833
226267
228178
214269
227798
218775
222227
215019
221064
214575
210904
220898
210724
220200
215791
194393
216198
206439
212255
203842
207339
209492
201347
212003
207349
212585
211320
189569
209114
198363
207334
198318
201527
202869
198264
206398
198850
209550
207148
190245
204613
198111
205509
197359
199912
199846
192484
199055
197559
202428
201354
190727
203715
193317
198208
193746
196471
197162
194456
200907
194268
201685
198466
182400
200013
193239
200702
193252
198691
196769
194575
200482
193778
202464
202756
181321
198639
194483
196754
188018
192026
192282
173676
190420
184198
187347
184864
167034
182362
176616
182122
172808
179738
179187
174113
184361
178811
184716
179316
169703
183464
175625
181242
174686
177920
179451
172731
180080
174980
181508
179767
161843
182290
175879
180712
172974
178208
177488
171270
178129
176441
182511
181275
164398
182387
175761
183635
177460
178879
180148
162342
166263
167899
176677
179328
162136
180314
173218
177733
171028
171316
173448
170504
174675
166815
172939
172680
161122
173832
165795
171988
161950
169188
165325
151868
159851
161884
167817
168679
153828
173637
166674
172997
163802
162444
161758
126119
140553
145100
154516
158283
141258
156392
153849
159992
154795
158151
156830
151120
158288
153142
160159
158820
143504
158282
155675
161112
152894
155750
152321
146511
156333
150506
156742
158086
148536
159671
153505
158154
152932
159113
151702
117899
144747
150720
156751
159764
147269
162040
158200
166749
158443
167469
167950
166398
170522
162807
168985
